2259884911361581284 5900 5900 5835 5835 5770 13638 5518
10484903359511589340 6322 6452 6964 6834 6899
2407206416848650348 13638 13441 5258
11782460572927597471 6899 15033 6964 7094
1965260419361567964 5835 1058885 5258
15642851451832492667 15230 6387 6964 7094
6890420391415574086 5770 13638 1059202
12405483628531271416 6964 7094 6322
8031996347458950719 6363 13638
15881595483062854431 6257 6964
17750291333411459077 6387 7094 6964
336846017895450603 5770 1058626
2822873927218554062 5770 5518 1059202 1058626
14051714906032597754 6834 6964 38563
5125099725974016704 39130 13638 1070147 1058626 1059202
5681954187056812285 13638 13441 5518
14788609323919364375 6387 9853 11581
17071501518354630746 6452 6322 6964
3437490698420525213 13638 13441 5388
9769616336093958013 15230 15033 6964
13156908285208125095 15230 6387 6322 7094
13495803578073005519 6322 6452 6964 6834 6899
13084873577170347326 15230 6322 6452 6964
3270536295305503929 13441 5258 5835 5770
7731744622152738982 13638 9861 13441
14017084395789407973 15033 6899 15230
4269195241726705326 9861 10309 13441 5835
15430577800679468408 15230 6387 6964 6834
11294275470009704718 6964 6322 6387 7094
8803998806427979314 13638 5835 5323 9093 5770
17678254430110362524 6964 7094 6834
7970717120389218204 6363
12922731547129643950 6322 6834 6964 15230
7902675256226321945 5770 5900 13441 13638 5518
7318589278570541143 13441 5323 5388 5518
16531936852482995555 7094 15230 6834 6899
55490558761109166 5835 5323 13638 13441
14537041003671964466 6387
3399852896230810638 39132 6428 12993 13441
16027696644145759669 6322
5018623440163115445 5258 13638
18267444847496905408 15033 23163 11514 15678
12533683777207850184 15678 23163 11514
2824546641186560623 5770 5835 13638 9093
3341289879320031550 13441 13638 5518 5193
13811145383148481351 15033 15230 7094 6964
3221233453358637828 5193 5518 5900 5770
4336143072670508544 13441 13638 5835 5518
12526971109920668793 7094 6452 6964
8980690956308924594 5835 5900 13638 5518
15378616169038280433 11709 6387 6899
3510319750050431556 5770 10050 10626 13638
2446231791442672895 39130 13441 13638 5518
12684225788604065414 6834 15230 11581 6322 9853
2606644861973667671 13638 13441 5518
477371740283247789 13638 5770 9093 5900
13103512617671230766 11709 6387 6899
4680804004363234534 5900 13638 21571 5518
14855381921710472670 6899 28604
8569610814942909085 13638 5453 5965 8965 9413
13042176022694616733 6387 15033 15230
5568288021164259030 5388 5900 8770
17741171995318634173 6899 6964 15230 6387
17610610355770288686 15033 15230 9853 6322
998920995171091045 5518 5388 5323 13638
2987126240065306125 9093 13638
14150858120886364250 15230 6387 6322 6517
16945194579766928934 6387
1649046107366211275 39132 12993 13441 6428
10627784827663440992 38691 7094
13670022810988882091 46866
18185077599532649568 6387 15230 9853
1055913781940984718 5900 10050
4931369194143861065 5835 5388
15229787055559455511 15230 6834 15033 10429
6548461136400838697 13441 5323
14633708432187877968 10429 9853 15033
7945572349453055712 13638 9093
9091980130223482678 5388 13441 5518 5835
13287615749900494249 38626
17417535588398600653 46805
1124741193484717886 5323 5388 5518 13441
10669167268250186340 9853 15230 6704
3990407908317691209 21699 10626 6428 9413
14277435316209163506 15597
8123970469505151679 5965 9474 13638
9886840069986504459 6322
5571135956214753175 13638 13074
16532832406076223607 15033 11581
15268352268154171505 6964 6322 15230 10170 7094
6512145041949078351 9093 5835
10831109040812077828 15230 15033 6834 6964
1208924148754235193 5770 10050 5388 5518
16388712772454193031 38563 6834 6964 6322
7743358456966696488 39130 11709
16649904581044678334 6769 9853 6387 15033
2656394281354377878 5770 13638
92205872603289551 13441 13638 9861
9450949031584703775 15230 10429
16605106925528625597 15230 15033 6834 6899
8055511274058609283 13441 9093
15732481394432498656 6387 15033 6834
5511560206210761366 5835
14307671587385312305 6387
4216291369334065884 5835 9861 13441
10863339205244548906 38628 15230
16390450698214934305 6387
12306812243986965719 15230
2553902313977456617 10309 5835 5518
13957980773265873228 9853 14058
3252209532522858429 9761 9889 112341 24964
9880898662860552210 6322 6387
8048852877153867566 21251 5258 13638 8965
16190875743018116622 6769 6322 11581 15678
475591374933087123 13638 39132 5518 5965
12633618328160693712 11386 38691 15230 15678
4606217653629656274 39132 5518 10050 6095
3269279218267130535 5900 5770 5518 5193
13569724147258078511 10618 15230 15609
3025288092748156337 13724 21827
18428946252311314927 11173
2387504702198920645 13638 6095 5258 13062
13132916429690259357 7159
5145197223854717107 13062 13638 10050
8138362045671145415 5835 13441 10309 5258
13167239942749486424 38626
18405071196923595068 46805
16518346911603897496 6452 6964 7094 15230 23739
15313469364294628049 6387 15230 6322 11581
9151802729070250075 9093 5835 13638
16065484476227623402 5859 38563 6834 15230
12787827541977723830 6899 15033 7094
2556263613790867686 13062 13638 8965
12478121500313509453 6704 15033 15230 6452
2514713167630067715 5835 5518
11603494359499581929 6452 15230 15033 7094
17275849686280804908 6964 6322 7094 10170
6075277029541617997 5770 5835 24964
6972908705982469196 12993 5770 10050 5388
17702488764931376856 10618 6704 10170 15230
6917947906611134022 5388 5770
16212002228228815730 13930 6964 6704
5246386731524250621 13062 5518 10309 5583
14311443172646475094 7094 15230 23163
1721811779496305053 5323 5835 5518
888513056095198952 39130 13441 13638 5388
8109344317984016243 39146
2142848591610293637 10050 13638 13441
18196113942121187077 15230 15033 6704 7094
5685982636258490064 6428 39132
13811359228286539627 6322 15678
2704810321526631112 5128 8898
14827455562086523514 107673 10265
13228305442241057836 70793
7842703112754820701 13441 13638 5835
1022170177188531267 13441 5518 5835
10945918876344587405 38691
13343993719210369094 46859
1424970687016617120 39130
5049271885700645644 13638 5518 5388
11518752782173541946 15033 6387 6964
7377812264728247921 5518 5388 5835
10218263713509330345 6387 6964 15033
9166959335450499655 5835 39130 9093
12472717641408421898 38626 38563 7094 6964
762049543239132705 5323 5835 14741
15266451699953978165 6387
7269089817652954096 44378 48486 5835
3622631435777089264 41826
4786950071986436272 24900
4765248200018760201 6387
12100762876537936911 14058
5438120054028993278 6883
6713827460781827428 39148 9853
8113432917153294168 10050 13441 13638
10493892948547603928 15230 6322 11005
1736718328057155302 5388 13638 13441
829621841644138619 13638 13441 5388
11791450164734060443 15033 15230
6492555660724228048 13441 5388
14695137855228237225 15230 10170
12892351460992605293 7094 15033 15230
8305977249731472405 13638 13441 5835
4552407459726138777 5770 5518 5835
12591847720728120141 15033 15230 6387
6270892236101477126 9093 5835 5900
17038804630934032107 9853 15230
12181998829517256941 6322 6387
18066473823655326431 9853 15033 15230 10429
18361409978331079170 15230 6452 6964
3687748559327397198 5835 13441 5258
13589305741614382784 6387
3835626396707578353 14427
10473914369366483813 6899 15230
239817724727509045 13441 5770
10565917581017143884 6704 15230
1369837940063978929 5518 13638
5651997559579699502 5835 13638
11393368403005324967 6387 15230
1429525545709340688 5518 13441 13638
10576585478847960338 38756
15905078834489814699 13638 13638 9861
8462320687914733800 6899 15230 6582 6582
9751315889845639348 6095 6095 5835 13441
5615857781878508587 6054 6054 11709
7636214723321572842 6387 6054
87943754671201059 5518 5128 13441
9428737204702337737 10810 11386 9853
14101334284673064778 14573
8236340194533321358 5835 5835 5770 13638
13604403185459289203 7094 6387 6769 6257
14743649400928187687 7094 6964 6322
9892385981760624524 6899 15033 7094 6704 6964
10756280699934488524 6387
3861981171785122861 13441 13441 13638 13638 5518
3752716711628734888 13441
5045748715308108147 5388
5635560975009106845 9093
2037403096696866380 8898 12993 13441
470045114415899074 13441 5258 5770 8965
7475122202102898722 6428
6792368175801472505 5388 5518
3895850736923093113 5388 5900 5518 13638
6549541174607833582 9093 5835 5770
8495341055097917278 5900
7985555592245337996 5518 5388 13638
3934165010210930612 5770 5518 10050 5388
8287430559458111969 13638 9861 5518
4270808288270048476 13441 12993 6428 13441
759617278330354296 14546 22979 5835
2290262171115428342 9093 13441
3344078421644731170 5193 13441 5518 5835
7905474943234861240 5770 9093 5835 5193
5803027401386096053 5835 5835 9861 13441 5258
8095447320936278219 5835 13638 13441
216339576841886356 10309 9861 13638 5518
6355071304212210503 5835 5770 5258
1104741709021095281 5770 10050 5388
3658978040647642349 5835 5258 13441 5323 5193 5518
5609847323032808292 5770 5518 5388
2811625908881197171 9093 5770
4944529152951184520 13441 5835 5518
13421241501358225050 6322 15230 11581 15609 6704
11263370431882629987 38691 38691 6704 7159
9409669605889980747 10618 6314
10535247985328898402 7094 7094 6899 6964 15230 23163
11934155078058401963 6964 15230 6704
15043422976779856131 11709 6387
13721552308102415322 6769 6387 9853
16268526477108503601 6704 14058 15230
9994524466161610405 15230 15033 6704
15765093580323295138 15033 9853 6899
10451025502592953848 15033 15230 6387 7094
13752615360040189559 38691 15230 9853
11875207201947395364 6834 6387 11709 6322
11358376325144691857 15230 15230 38563 6964
10225047513829220628 11709 11709 6899
14108598693655768550 15230 6322 11005
12359899220192381945 11709 15033 23163
12083466388601032539 10393 11545 10265
13736916380154999479 6387 6964
16214343860549248446 7094 6704 6452 6899
18102472664770895462 6387
11606723340697372300 15230 6322 11581
11759712095118882452 6704 15033 6899
16082343027502058116 9853 9853 6387
16762328316936728068 11581 15230 15033
9815808557616235196 15230 6834 11581
15079220332252852184 15230 6834 11581 38563
16092626915334535534 15230 6387 15033
15928152359184332355 38626 38626 38626 15230
15707085883129348107 6704 6704 15230 6517 15678 10429
15319642387945081968 6834 6899 11709 11709
11419884490421297624 38626
17668605394098047356 6964 15033
17621854141763874418 38626
12252911398656501080 14058 7094 6964 6899
14640923141509847575 6899 7094 7094 15230 20088 6964
17338005989857520588 107673
17979492178421631609 11514 15609 15033
131895976712218403 39146
10912293874639043515 6964 6899 6257
14860687458905172622 6257 6387 6322 11581
13942529068170014668 6322 15230
13481290003397017893 15230 10429 11581 7094 6899
5703714000951416424 5835 5518
2166582540720987082 5388 21123 13441 12993 5518
2067230122035243566 5518 9413 9413 13638
3097188803501704965 47381
8289502413457049326 5835 10309 9861 5518
2524979427115632027 10626 6428
10726648954259636775 46805 46805 54979
3181088108291662741 5388 13441 21571
4262324524458779383 14546 5128 13062
1779586254513385158 6428 5965 9093
3667276720692821074 5770 9093 12993
7543553395899188659 13441 9093 13638
3494094949764256117 9861 10309 5835
1448702232116397999 39130 13638 5388 10626
1578894606435072336 13441 13441 5518 5388
2333832914352819001 39132 39067 13638
13573395414313747780 5900 5388 13638
9212908870932947583 13638 13638 6428 9413 5258
5900207223792159980 5258 5770 9093
3394663113642132003 5388 21123 13638 10626
1675198239587828181 5835 8965 13638
6524438581014322911 5835 8965 10309 5518
5088376152953060265 9889 9441 13638
5714859435470447022 6428 13638 9413
2751297576309391344 5388 13638 5900 39130
4922282175689521174 5258
13645338081805048342 46805 46805 46805 54979
9883482986058454232 15230 6192 6517
14263873010734924518 7094 6899 6964 15230
17163080011125037752 11709 6899 15230
18288230956849407708 7094 6452 15230
17282736458931404111 7094 6452 15230 6964
11290118688568404849 11386 6964
17437812766586508729 6322 6322 6834 6964 10618
11386070622517510150 11709 11709 6834 6322
18222203801818598863 15230 15230 15230 6964 38563 6704
14095120196277299182 6899 6452 7094
13807230959160129883 6387 9853 6322 6769
9729147600495192814 74457 6192
12274360556766638229 7094 10429 6517 6899
13484456238682378833 15033 6387 15230
17092161593736961638 11709 6899 15033
17256465926618267789 11386
15173118488681510037 15230 15033 6704 6964
10624606091892849906 10170 38563
10392919041059518989 6964 6322 6834 10618
13181245890148658509 6452 7094 6964
18320434578760132858 9853 6834 10429 6387
13316496266763090241 15033 6964 6899
10007550345184100248 6387 15678 15033 15230
17180578312561922033 10618 15230 23163 10170
12504639581313835720 6387 11581 15033
11953113111598242769 11709 11709 6899
14824564242359989218 15230 6964 6452 6899
10564048851320938768 15033 6387 7094
15576278998110323163 6322 6834 11709
9427253169595018775 11709 11709 6899 6834
16328156588481759845 7094 15230 6452
13243186848544306968 6387 6769 6322 11581
14203477838691584030 5924 15033
12350700843626182871 6769 6387 6704 15033 6769
13110327557059799443 6964 6387 7094 15033
15748737667270562390 5924 5924 6899
10469889047865090457 38626
18240508753406651428 9853 15033 6834
9366862495456329420 10170 10618 15230
12393844932821314087 11709 11709 6834 6387
16334956831469565548 15230 9853 6387
13119801191449913940 9853 5924 38628
15677818964410029704 5924
